gene	conMean	treatMean	logFC	pValue	fdr
LINC02544	0.1576529658125	0.71731943143949	2.18586340174593	2.83378291430007e-10	4.44322628742178e-09
STEAP3-AS1	0.060323718875	0.29424469911465	2.2862191483751	7.68081350651753e-08	5.98320695444009e-07
Z98257.1	0.04271108178125	0.251450140003185	2.55759001271956	6.0968956128194e-08	4.81064731256653e-07
DDX59-AS1	0.11370405371875	0.238764837130573	1.07030669734489	0.000283559209172516	0.000789961077034139
AC018695.6	0.2182151826875	1.20222589129299	2.46188460737997	1.1448797354686e-12	3.78429166615702e-11
LINC02345	0.1344530446875	0.278169750449045	1.04886311724214	9.6037269714623e-07	5.54026324815962e-06
MIR31HG	1.2625781528125	4.1443589225414	1.7147762605908	6.09741142190313e-06	2.77474427413273e-05
AC091563.1	7.64152374990625	0.980155821894904	-2.96277731860873	4.55149702261276e-16	4.6387340488795e-14
AC011461.1	0.08298811059375	0.24136134261465	1.54021806018328	6.72151337522045e-07	4.05243337389741e-06
LINC01932	0.22065787609375	0.54578481393949	1.30652100990144	9.94846175893229e-06	4.3145279188561e-05
AC005393.1	2.4000519143125	0.31637281143949	-2.92336808497518	0.0139106550945175	0.0244085095847847
AL583785.1	0.97387052909375	0.351698304589172	-1.46939160615774	1.10367925327109e-05	4.71957946416274e-05
LINC02878	0.0965555969375	0.283677290875796	1.55481886973656	5.36394881329729e-09	5.29041080537305e-08
AC105219.1	0.21174812515625	0.500858210184713	1.24205304749393	0.0178171490730459	0.0303064997445551
AC108047.1	0.33273244384375	0.695576156092357	1.06384593244057	0.00019877863336165	0.000582303275143513
LINC01322	0.028787182875	1.43543910227389	5.63992170295592	1.12983466799875e-15	9.86991284973194e-14
CHROMR	0.68264407575	1.64797689292994	1.27149054202043	2.65340300051405e-12	7.3752542491561e-11
AC104825.1	1.81723877971875	0.677052312872611	-1.42440878386457	2.07721418372275e-13	9.07297480961758e-12
LINC02613	1.0841717271875	0.217304780407643	-2.31880147291886	0.00640705096585868	0.0124774256866961
AL031123.2	0.1096701561875	0.338608979557325	1.62644924439865	4.29082739458225e-09	4.44718805387635e-08
AL353708.3	0.10074255978125	0.212774955863057	1.07865505786144	0.000434217476741414	0.00116203057780033
AC004471.1	0.1972362695	0.423228199834395	1.10151088662872	1.37625425627384e-05	5.61052985140969e-05
LINC01589	0.2790378855	0.771671053595541	1.46752497657724	0.00765714797224352	0.0145190357782797
AL079303.1	1.03856470978125	0.261563066251592	-1.98936036285076	7.67117237109592e-11	1.51320061449199e-09
AC109460.2	0.1388151155	0.375383188245223	1.43519936895483	1.27989601001046e-07	9.60314613645885e-07
MIR1-1HG	5.38222076796875	0.561113618321656	-3.26183673587097	0.000114622401152161	0.000359444093869469
AL162413.1	0.23730094815625	5.38380853350955	4.5038373336645	2.41472576146804e-09	2.81258057740516e-08
AL121899.1	2.0835446131875	0.831428308789809	-1.32537621624103	0.000217027762624856	0.000628969084573931
AP000238.1	0.16572809453125	0.339224301194267	1.0334213331191	0.0128128339106208	0.0227102838734627
AL135818.2	0.6947782850625	1.96768083185032	1.50187165777781	2.82918633107843e-09	3.203791558249e-08
AP003352.1	0.629703739	1.32295769853185	1.07102179349562	1.14172667950494e-05	4.84837405914771e-05
AC128709.2	0.0884748373125	0.508343834570064	2.52246553103575	0.00184812408027578	0.00423268867074397
AC025171.5	0.10228148128125	0.213152184993631	1.0593388847163	4.03332070163574e-05	0.000143811988865904
SLCO4A1-AS1	1.9470757335625	0.414083840426752	-2.23331419237909	0.0025018668086003	0.0055230742002133
HCG15	0.1417483926875	0.331184170719745	1.22430134316425	6.31489841916877e-06	2.84986006149203e-05
AC025171.1	0.69364483734375	1.72593594263376	1.31510985771962	3.18772841218137e-13	1.21830995253057e-11
AP000525.1	0.0425446765	0.324211557449045	2.92988499296798	1.32189379434735e-09	1.77656715438111e-08
AC083843.2	0.14589634975	0.344912649904459	1.24128725334881	4.80271585084431e-07	3.07524685109036e-06
AP000851.2	1.1849059279375	0.14717362155414	-3.00918150484073	0.00645137853480791	0.0125437773419238
AC053503.3	1.4301546555	0.325442559815287	-2.13569632985376	0.0198747070852753	0.0333884158863897
AC092115.3	0.1099107403125	0.293049334203822	1.41481118842713	0.000112114963274717	0.000352484833123339
LINC01050	0.03921371353125	0.271340632815287	2.79067492863246	4.41146879527324e-09	4.53380364421779e-08
GSEC	0.1439088136875	0.73844756816242	2.35934053668983	3.78755230261133e-16	4.2110695146306e-14
AC134312.5	0.04123153984375	0.977582217070064	4.56739779511878	2.47386479266792e-18	7.56384160358217e-16
AC128709.1	0.05688035446875	0.327485643242038	2.52542930049305	0.00119084384339113	0.00286130062960187
NR4A1AS	0.70510546803125	0.348915378729299	-1.01496188171942	0.00355146549056366	0.00748869361199889
FIRRE	0.025215891875	0.247770013805732	3.29659643807624	1.80963725510844e-11	4.17582332641061e-10
AC005387.1	0.10850836975	0.239341434471338	1.14126384727688	0.000164589823147078	0.00049702062644167
AL354836.1	1.78071663259375	3.90926484810191	1.13443937178543	4.04231241837332e-06	1.91618142932968e-05
AC007663.4	0.10424988725	0.256440890299363	1.29858049917643	5.39233802301232e-07	3.35301845063181e-06
MAFA-AS1	0.2796012611875	0.835843416245223	1.57986183032664	0.000182464354000967	0.000539019094065658
AC138696.2	0.6921458333125	1.50896522644904	1.12441161280383	2.76774696086429e-05	0.000102574517085552
AC005722.3	0.11140931865625	0.337651847582803	1.59966654208673	2.9067759871347e-05	0.000106756367335307
AL133215.2	0.1832087725625	0.411092800006369	1.16597551888785	1.8775775734127e-05	7.3363494322164e-05
AL021707.6	1.13217502971875	2.34697760901911	1.05170706783659	1.19141696261857e-05	5.02449291476728e-05
LINC01063	0.1848707144375	0.436234950828025	1.23858865827306	0.00552720536522729	0.010973656106612
LINC01176	1.0411117143125	2.2405277585828	1.10571371827676	5.44544187496284e-07	3.35301845063181e-06
AL035661.1	11.3888955449688	5.0527501706242	-1.1724870924621	5.43052742773868e-08	4.39836757889034e-07
AC008115.3	0.20820152171875	0.464236228318471	1.15687849974084	3.20137822693068e-06	1.63819479980595e-05
SNHG14	0.55968435028125	0.222837821547771	-1.32861929065392	1.26446213327419e-05	5.2244499628187e-05
LINC01405	5.14879024015625	0.420475937627389	-3.61413834891507	0.000977108663427982	0.00236166777741585
AP002954.1	0.13314814334375	0.343462100840764	1.36711860300841	0.00186520768092066	0.00425587498836934
AC008870.2	0.148082557375	0.31081445566879	1.06965188783154	4.28402276833463e-05	0.00015099019728165
AC116312.1	0.55346511390625	0.264954239633758	-1.06274917102943	5.63228552790381e-05	0.000191874239571765
MCF2L-AS1	1.25863627615625	0.493162645640127	-1.35172599691025	3.34240305549914e-09	3.64978476506736e-08
AC091057.1	0.24223372734375	0.662632877464968	1.45181003429518	5.15428127049601e-11	1.086842412727e-09
AL132712.1	0.57999057315625	1.86445206742994	1.68465035104583	6.09504331114389e-10	8.66771856921974e-09
AC025176.1	0.04043072515625	0.249650699898089	2.62638696647984	7.09786529091981e-10	9.86441960317606e-09
AP001547.1	0.0078910135	0.311533321792994	5.30303206490419	4.99184669273842e-06	2.30378434159211e-05
AL137246.2	7.44426142321875	0.100609351503185	-6.20929240696549	1.81178004186374e-06	9.80445571327148e-06
AC079684.1	0.2191680004375	0.450928333949045	1.0408609907526	0.000394948711664373	0.00106549903542788
AC002116.2	0.27115755103125	0.624074953207006	1.20258796513074	1.45618435761821e-08	1.34917687073263e-07
AL354993.2	0.10830922678125	0.234455122550955	1.11415565020115	0.00164303112646708	0.00381295458760766
AL031670.1	0.128316550125	0.358287641200637	1.48141102036154	3.12303785070905e-07	2.1102073433244e-06
AC024592.2	1.0382922263125	0.160401416187898	-2.69445376137836	6.12239663106441e-07	3.74384553989589e-06
AGAP2-AS1	5.8947103773125	12.5555708117452	1.09083478245386	1.43848146238364e-12	4.39815707123798e-11
AC036176.3	0.3420950909375	0.711598679611465	1.05666643206288	0.00568435560743356	0.0112053858552191
AL049775.1	0.07408400621875	0.446257110773885	2.59064113558271	1.71341780579421e-09	2.11667674392557e-08
LINC01503	3.655980027	8.55290865152229	1.2261569426964	1.34037567712168e-06	7.417554086515e-06
LINC02561	0.04264899546875	0.566016939585987	3.73026156364792	7.07731823770127e-09	6.81540173599107e-08
AL592424.1	1.58492962378125	0.259260416987261	-2.61194491899654	0.000733892778499686	0.00182800584135462
AL391427.1	0.07891483896875	0.487542683181529	2.62716001686	0.00498963852095675	0.0101031919058445
AL133330.1	0.2487277611875	0.553358770713376	1.15364761689982	1.13199580961828e-05	4.82380095875664e-05
AL035461.2	0.7272440640625	1.72236562409554	1.24387990994816	2.10817786271692e-06	1.11133686469948e-05
LINC00205	0.81628581459375	1.75102065260828	1.10104980839923	4.3157399990043e-08	3.59057824406956e-07
AC008105.2	0.1812355653125	0.367544559429936	1.02005307151764	0.000154551465667878	0.000470190155502027
AC009093.2	0.045704835625	0.228973207936306	2.32476008173466	2.28874729771928e-13	9.41804384122022e-12
AC012676.1	0.16392078178125	0.36520560266242	1.15571012797779	3.64788779773051e-08	3.07680467353408e-07
AC079907.1	0.12941956796875	0.32487061422293	1.32780948603643	3.00186902968886e-06	1.54906574823185e-05
AC015878.1	3.30771887990625	0.274205594984076	-3.59250671257776	1.24688440401002e-05	5.18686947654508e-05
AC145098.1	0.21574912678125	0.468863737292994	1.11981398264111	9.85218497527618e-06	4.28797943941736e-05
AL136018.1	0.28380572175	1.07862854676115	1.92622254084796	7.6661991027876e-07	4.48601028837763e-06
AC002398.2	1.2115315431875	0.107894763254777	-3.48913521753192	2.54397545858753e-09	2.93517168476656e-08
AC012073.1	0.37445193159375	1.34179311546497	1.84130980969946	6.9747030323666e-16	6.56158600660335e-14
SNHG25	1.1848462100625	2.40923265969745	1.02387390818933	0.000712363472793472	0.00177800107597228
AC026401.3	5.26876837959375	15.5091985188185	1.55758646912223	1.71672090353467e-14	9.54340756828592e-13
LANCL1-AS1	1.34311504759375	0.248918125146497	-2.43183969730454	0.0233220866946779	0.0381322353310041
DBH-AS1	0.1396837334375	0.35728580860828	1.35491458657113	0.023558345131068	0.0383655745576578
MBNL1-AS1	0.84799027334375	0.389663792264331	-1.12181783495803	2.31004704555495e-06	1.2073451011597e-05
AC006942.1	0.6028392585	0.230904350047771	-1.38447801958878	0.000353355887524203	0.0009711331470609
AL355472.3	0.05188882371875	0.226108460503185	2.12351923918388	0.000666266043341959	0.00168356068389921
AC027228.2	0.153612590625	0.384526216124204	1.32378549197696	1.14673537196998e-08	1.07881335378407e-07
SLBP-DT	0.12866677440625	0.43220365327707	1.74807171206289	4.45351564327283e-08	3.68016867008289e-07
AL157871.2	0.06417111675	0.473248051493631	2.8826005705977	2.41296921832818e-08	2.10790096715383e-07
LINC01929	0.01183074334375	0.469840827697452	5.31155945610079	9.37291673792083e-17	1.63758245292531e-14
AC009093.1	0.06346384709375	0.330587817025478	2.38102667547983	3.54687508828399e-12	9.43006137602461e-11
FEZF1-AS1	0.0569375433125	0.305161102799363	2.42211893003253	0.00932794949056327	0.0172067605233166
DDX11-AS1	0.07318502065625	0.251114538955414	1.77872526346488	1.60493640612207e-08	1.4758174621709e-07
SNHG1	5.0389981641875	10.4938226344013	1.05833147518775	3.6310129297853e-06	1.77629152525097e-05
HOTAIR	0.01915470425	0.233144314098726	3.60545259006586	9.62810938652691e-14	4.36117695545274e-12
AC018716.1	0.08189527746875	0.330893380133758	2.01451426366225	3.89863043822087e-06	1.86981373566436e-05
LINC01730	0.12590159028125	0.301408308305733	1.25942267924191	0.000845117078255647	0.00207545820623827
AC019080.4	0.08026866753125	0.811967107926752	3.33851243226828	0.000384249276331174	0.00103968332954209
ST3GAL3-AS1	1.55008747328125	0.184500621359873	-3.07065205069064	0.000554629341914528	0.00144321635140738
LINC00992	0.528374813625	0.24514357338535	-1.10793475753683	5.00335258299373e-08	4.07940013933422e-07
AC073957.1	0.06915568690625	1.1346962047707	4.03631438846127	1.00722218308368e-06	5.75622770986608e-06
AL162311.3	0.09013055815625	0.276439192426752	1.61687393958758	6.85490252546872e-10	9.63625952718189e-09
AC018926.2	0.1495419305	0.30060094788535	1.00729949587796	0.000375749302323912	0.00102347749831213
AL355385.1	0.096089641375	0.261851141691083	1.44629407552072	1.88684202003514e-05	7.34906939650629e-05
TENM3-AS1	0.091045381375	0.459359817305732	2.33496692392623	2.91987281220579e-10	4.52025879661732e-09
ATP1B3-AS1	0.26829781415625	0.787432525920382	1.5533210052206	4.6817278507799e-07	3.0294990272507e-06
AC084018.1	0.33563572978125	0.758771078124204	1.17676838429695	0.00020690176740278	0.000603916137311694
AC008764.6	0.131719990625	0.275842823984076	1.06637213506755	2.18029075064788e-05	8.22992465445172e-05
LINC01315	2.5157644026875	1.03198906776752	-1.28556913460687	6.55894741355355e-12	1.59343800377602e-10
AL590666.2	0.22866452446875	1.28723291255414	2.49296865387324	1.05529373305552e-06	5.97511220151343e-06
AC011462.4	0.120621069375	0.275274799735669	1.19039061255419	0.00129640132441154	0.00307863848496177
AL355488.1	0.19796357534375	0.494341230073248	1.32027223463055	1.21186541538814e-05	5.07572398294416e-05
MIR9-3HG	0.10549156628125	0.822726245251592	2.96328480209852	6.72644296730314e-07	4.05243337389741e-06
AC006305.1	0.0810355743125	0.286769252742038	1.82326305741381	0.0154896697169786	0.0269471779002345
LINC00942	0.14549103890625	0.974894732449045	2.74431615010208	0.00537411927288501	0.0107223176621065
LINC00659	0.0525114908125	0.319833753566879	2.60661714149349	4.94417198482503e-06	2.29717437544766e-05
DYRK3-AS1	0.0741449366875	0.214915437617834	1.53534903650477	9.83424364798927e-06	4.28797943941736e-05
AC136475.3	0.257731985625	1.23468866807325	2.26020380810812	1.80259280500701e-07	1.29680647089622e-06
AC060766.3	0.47318486996875	0.951362973366242	1.0075919329197	4.94510481127068e-05	0.000171327568957055
BX470102.1	0.446173328375	1.12440122120064	1.3334807467716	7.35860981834525e-06	3.24894577900225e-05
AL354733.3	0.263164268	0.539829708729299	1.03654075990294	7.06534038261939e-05	0.000231040408768543
AL078644.1	0.16690321490625	0.601466779687898	1.84947331212915	6.22423830632152e-14	3.17176810359634e-12
LINC01357	0.06521423625	0.539215217509554	3.04760236835506	3.66075858824605e-10	5.52729352274681e-09
ZKSCAN2-DT	0.096618238125	0.251472736098726	1.3800345459863	4.87174985801651e-06	2.27410308257794e-05
AC093159.1	3.14540245415625	0.582566234617834	-2.43275063090735	3.38513105450799e-06	1.6898021549646e-05
BAALC-AS1	0.2808003614375	0.74269620572293	1.40322741527086	2.27880669390975e-07	1.61097143737088e-06
SNHG26	0.56405775865625	1.53208198957006	1.44157870026654	4.74502390765097e-09	4.79600350335301e-08
LINC01614	0.03954497065625	2.44132105459236	5.9480240002186	6.58118203969685e-15	4.23620296555224e-13
AC026333.4	0.10110872009375	0.225934341449045	1.15999614595553	0.0142770159272885	0.0250154591390743
TYMSOS	0.47901341125	1.20570972740764	1.3317446689209	0.000181962370321529	0.000538837721315327
CYTOR	1.7092471095	4.32797580375796	1.34033144797812	1.83575316600336e-09	2.17973409905059e-08
MIR924HG	0.195467469125	0.416048697464968	1.08982387661402	0.0134318584154065	0.0236702634611558
MIR17HG	0.106442353125	0.243763037888535	1.19540707524932	4.09942427744271e-05	0.000145321620038042
AL109936.2	0.53843976265625	0.230241248786624	-1.22563863178218	1.85565062286706e-08	1.65654066552293e-07
LINC01475	0.4697254735625	0.172634075464968	-1.44410057442357	5.60391907522497e-08	4.47947256797395e-07
PDE2A-AS2	0.13815623903125	0.643438584461783	2.21950173665017	8.423018370954e-08	6.47883740105455e-07
AC005291.2	0.03416811490625	0.224008721200637	2.71283234102963	7.01424749970349e-05	0.000229984576196712
AC098487.1	0.2790286491875	0.601808122098726	1.10889031968172	4.78622131887003e-06	2.25136487422233e-05
SLC12A5-AS1	0.0183448729375	0.221225463818471	3.59206863717221	2.98277581054488e-16	3.64793481629639e-14
AC068338.3	0.5840752850625	0.26901289338535	-1.11847901829147	2.05619437628352e-07	1.46204983848532e-06
LINC01305	0.0186993759375	0.229011682273885	3.61435916618486	0.000659889101060979	0.00167436591410286
MIR23AHG	4.9222743119375	10.6633893639013	1.11526910769984	1.22221482384298e-05	5.10159975959032e-05
VPS9D1-AS1	2.7777249288125	5.77759818185987	1.05656613150776	3.23116389326317e-05	0.000116569718037193
AC007991.2	0.04732699415625	0.649198087035032	3.77792354746819	2.08863325977713e-06	1.10580020636685e-05
AC006206.2	0.2411084558125	0.694748081136943	1.5268076967981	1.54772374844763e-05	6.16568776661711e-05
AC232271.1	0.11778509534375	0.25897030994586	1.13662971688278	5.5249087777415e-05	0.000188742230006875
KCNJ2-AS1	0.6825245793125	0.292955907175159	-1.22019746100126	0.000256548810136446	0.000729672546039241
DLEU2	0.32551490115625	0.842828036707006	1.37251471883726	1.80523456028942e-12	5.38488260300966e-11
AC106795.2	0.76189355215625	0.364478241853503	-1.06375675287948	2.83328045588925e-07	1.92505666530697e-06
AP000251.1	0.21458845340625	0.58093971878344	1.4368160206033	0.00148280324118596	0.00346743473034499
LINC01711	0.0765421028125	0.470235486535032	2.61905797545361	2.5330874667227e-10	4.13062129573582e-09
LINC00839	0.34300527196875	2.0747713513949	2.59664969829536	5.52491564533615e-05	0.000188742230006875
LINC00519	0.8217116715	5.07840537884076	2.62767139743012	3.24389131775948e-11	7.21323469385426e-10
FGF14-AS2	1.2517419525	0.531231180601911	-1.23652544707141	2.33262354971069e-09	2.7430755781694e-08
RBMS3-AS3	0.48241628025	0.23955688983121	-1.00991028810043	0.00035222065767066	0.000970193388133372
HOXC-AS1	0.0769163406875	0.455992969684713	2.56764954879594	3.90840310737912e-12	1.0170163830478e-10
AC104758.1	0.137588790125	0.383144058952229	1.47752400233637	1.47596847979251e-09	1.92032920296408e-08
GRASLND	0.03703616496875	0.331609101595541	3.16247698183017	2.07754314293593e-16	2.82315029312294e-14
AC092614.1	0.1190549241875	0.300362748808917	1.33507860730436	1.5272828970894e-07	1.11182558520258e-06
YEATS2-AS1	0.07276291234375	0.215613912646497	1.56717507876494	1.73356736828953e-09	2.1201528914181e-08
ABALON	0.16162239365625	0.378528773283439	1.22777586349219	5.0169640549391e-09	4.98841222698416e-08
USP30-AS1	0.79076556215625	1.66043125078662	1.07023604193563	0.0100242458462121	0.0182979890595782
HOXA10-AS	0.0122087080625	0.241879547550955	4.3083063393576	1.25255940745219e-16	1.91485019414254e-14
LINC01775	0.09206064175	0.33966864372293	1.8834716383018	1.64899875647555e-09	2.07909843213361e-08
AC015922.2	4.86511609990625	1.91444108299363	-1.34555097165903	0.000621692018286007	0.00159733054278106
AC015911.3	0.12415389725	0.267590753423567	1.10789871552202	0.00686634711790985	0.013182955298593
LINC02725	0.0078051009375	0.379621370847134	5.60400011155937	5.34615986609444e-05	0.000183896492758913
KDM4A-AS1	0.14825931765625	0.492966133605096	1.73336576126169	6.64475373610607e-12	1.59343800377602e-10
AL513327.1	0.091800276875	0.252148065213376	1.45770074521588	2.61346301225109e-09	2.98716379811503e-08
DLGAP1-AS2	0.2245561029375	0.758889712340764	1.75681430548683	1.65772362965523e-08	1.5017748141247e-07
AC106782.5	0.25225062840625	0.526560861751592	1.06174242926741	1.88822287678729e-06	1.01284937645213e-05
AC079610.1	0.80482158165625	0.367200401493631	-1.1321013560025	2.26592153163656e-10	3.79619456601577e-09
AC092171.4	0.0727822783125	0.256262002347134	1.81596045874598	4.72544346138299e-05	0.000165120495807754
HS1BP3-IT1	0.044374494875	0.722077368207006	4.0243508232229	8.21009089533306e-15	5.02047058249617e-13
AP003390.1	0.55777861525	1.37042742649045	1.2968614007541	5.44544187496284e-07	3.35301845063181e-06
AL136162.1	0.21395986684375	0.458995425522293	1.10113956445855	2.25360257082114e-05	8.45446608624004e-05
AC022211.3	0.220774525	0.560077593407643	1.34305300238592	1.42321732483869e-07	1.04227232831001e-06
AC046143.1	0.4206196311875	1.30110253529299	1.62914656992093	1.04217476379511e-12	3.54049926700394e-11
PTOV1-AS2	0.63924526134375	1.35652613680892	1.08547537887584	1.8008734683107e-05	7.05919311456406e-05
BDNF-AS	0.41294406325	0.200775442649682	-1.04036354927642	1.69384378959969e-08	1.52321393726502e-07
MIR4435-2HG	0.95563812571875	2.61544155873567	1.45251821660166	1.25802369667176e-12	3.94503328469119e-11
LINC02321	0.0865080291875	0.543233927878981	2.65066763956149	2.1933323590102e-12	6.38677494064161e-11
LHX1-DT	0.01220461159375	0.441413519254777	5.17663252814183	3.514048756651e-15	2.52804801728481e-13
ELFN1-AS1	0.0340803594375	0.714326861082803	4.38957191599524	4.82526668487174e-05	0.000168128238051229
LINC02870	0.15822540340625	0.689423649089172	2.12340954188925	5.48462340773508e-09	5.366155542128e-08
AL359979.1	0.51924489628125	0.218930351229299	-1.24594315549626	2.1114041123532e-05	8.0194013335651e-05
COLCA1	2.0160932973125	0.886275464136943	-1.18573532391522	2.68488481942639e-10	4.26443394046555e-09
AC005104.1	0.1755092351875	0.40341554577707	1.20071973359544	3.70742982807643e-06	1.80644887638943e-05
DELEC1	0.05772362353125	0.448040329742038	2.95639482912786	4.99172016723079e-07	3.17962175235586e-06
ZNF667-AS1	1.569825397875	0.638150933022293	-1.29863451566646	9.41998592931761e-09	8.93073084616701e-08
EMSLR	2.404997059625	6.10343587561783	1.34358649371796	3.289479238665e-06	1.65556918061206e-05
AC103563.7	1.2057576783125	0.144206665636943	-3.0637302406203	2.50760095692598e-12	7.13208365190808e-11
STARD4-AS1	0.0891245595625	0.292360079461783	1.71385138365532	1.77375864648865e-09	2.14782853926299e-08
ACVR2B-AS1	0.67690081771875	0.258075635917197	-1.39115051199083	0.00145046096436336	0.00339830222110419
AC089983.1	0.01403368071875	0.27589411510828	4.29714933381231	3.31714441405174e-07	2.22904814196993e-06
AC131009.3	0.51476972621875	1.30097327749363	1.33759221304851	2.95291586828965e-08	2.52546580903374e-07
AL596244.1	0.8315121571875	1.78811746157643	1.10463224857134	0.00404537676755374	0.00838558607918343
ZNF710-AS1	5.83411621521875	1.21031598090446	-2.26913037942142	1.04501149259943e-11	2.45778664509443e-10
AP002907.1	0.0800651531875	0.227025942993631	1.50361078921654	2.61787647230221e-07	1.80884911052294e-06
AC008735.2	0.36880031690625	1.1341752171879	1.62073173692113	2.77783269330175e-07	1.89800217792915e-06
AC254633.1	1.4877284029375	0.72679518543949	-1.03349040686205	4.14838641010059e-05	0.000146632271085347
AC092910.3	0.149086187625	0.321175146286624	1.10721365355816	2.54478937575603e-08	2.20728894081534e-07
AP000844.2	0.061360455625	0.269768461082803	2.13634059057678	0.020548500584414	0.034098800834109
FOXD2-AS1	0.1973550850625	1.17188886649363	2.56997016404582	1.15901211375978e-18	4.72490605042737e-16
MYG1-AS1	0.57743797675	1.20883574814331	1.06588033166671	2.2149767344624e-10	3.76238409201044e-09
MNX1-AS1	0.11264744021875	0.309728432296178	1.45918929450216	0.000403530071009183	0.00108227472992156
CEROX1	0.941452513625	0.345266359761147	-1.44717855254349	0.00185783849950631	0.00424698408391816
MIR133A1HG	4.0574424411875	0.134776099350318	-4.91193404627307	7.74304638630325e-06	3.40638335627657e-05
AC132872.3	0.21156421490625	0.530629807187898	1.32661009568282	5.34138676566959e-07	3.35301845063181e-06
LMNTD2-AS1	0.15859150046875	0.425978065245223	1.42546369060844	0.00568971997278674	0.0112053858552191
NUP153-AS1	0.632417132375	1.43918801729299	1.18630672345393	1.78205326075432e-10	3.1586248375399e-09
AL355803.1	0.17285044140625	0.396077972726115	1.1962601823843	0.00898227567860002	0.0166192483433099
AL162431.1	0.1892546025625	0.399074321350318	1.07632906470835	5.44544187496284e-07	3.35301845063181e-06
AL662797.1	0.136422500125	0.30303537477707	1.1514046089831	4.09103194437154e-07	2.67476792332099e-06
KTN1-AS1	0.52821141359375	1.11938199521975	1.08351506718756	1.27055394082489e-09	1.72654163292093e-08
AC104041.1	0.06142064496875	0.40009294639172	2.70353962727885	1.28557738247549e-05	5.27604408982391e-05
AC005392.2	18.4185506095	4.51674646798726	-2.02780369705946	0.000225028548669127	0.000649328137158108
NCK1-DT	0.96939642240625	2.49273879185669	1.3625730508758	1.20737503662737e-10	2.34384074570678e-09
AL928654.2	0.39073625015625	1.02081706761465	1.38545734424567	7.23129638172897e-06	3.21595471812892e-05
AL117329.1	0.05212662628125	0.28958563656051	2.47389765202783	5.89826153693839e-11	1.18255309175011e-09
LINC01356	0.031852203875	0.232628822063694	2.86856475171656	1.51488747753565e-10	2.8071324015547e-09
GLIS2-AS1	0.62455179540625	0.176497247203822	-1.82317554034325	0.00341234849952421	0.00727056135003155
AC009950.1	0.13269005453125	0.300482338429936	1.17921995459682	2.30155859308219e-07	1.61770468927559e-06
AC004034.1	0.13852381084375	0.336169736898089	1.27905587198823	0.00761219105898303	0.0144785531339599
LINC01564	0.36673690128125	0.976391565656051	1.41271439459769	0.0133649841528147	0.0235864006044623
AC099850.3	2.47953825428125	10.4499883188089	2.07535794112126	2.74156225042515e-15	2.09558164516872e-13
AC005253.1	0.15923939628125	0.374345072592357	1.23317145783731	2.96014126469791e-09	3.2911388788414e-08
TRPM2-AS	0.106436624625	0.562657632866242	2.40226267039305	2.01983466771237e-05	7.71955562066321e-05
MAGI2-AS3	0.69022389234375	0.333215195191083	-1.0506102224353	0.000127170633265466	0.00039474539209052
AC048344.4	0.06848897221875	0.278669045047771	2.02460913900889	1.29733926780832e-10	2.47913425707746e-09
FOXD3-AS1	0.28904026240625	0.836740051522293	1.53350902335353	0.0264373605075891	0.0426555302121128
FOXC2-AS1	0.055119158	0.342889363917197	2.63711739929966	1.92398666797611e-05	7.42705628033042e-05
AC010719.1	0.12281563859375	0.395501967035032	1.68719059359635	7.46219033664752e-05	0.000242719648449998
AL355312.3	9.88748355709375	2.74553770442357	-1.8485146664573	1.31938686357079e-07	9.83908618382364e-07
AP000223.1	0.379630735625	0.186538835815287	-1.02512078170343	0.000363059835653193	0.00099556542377546
CD44-AS1	0.53737362459375	1.23349903767516	1.19875917235546	7.97855608455311e-05	0.000257461057820804
AC093484.4	0.37337437721875	0.91981943683121	1.30072775767696	3.50212170401255e-06	1.73404649554953e-05
AC093788.1	0.0965381459375	0.297772400955414	1.62503901938549	2.60496240704312e-07	1.80884911052294e-06
AC073365.1	0.01751137725	1.11509181000637	5.99272613314653	5.455851771674e-07	3.35301845063181e-06
AC006026.3	0.9337348298125	0.318696581519108	-1.55082935472664	3.22527370941694e-09	3.55361238433957e-08
AL441992.1	2.072743647875	5.11066839528344	1.30197028708501	4.92906564015982e-10	7.09205562107701e-09
U62317.3	0.224351885125	0.785127431092357	1.8071635250734	5.58780771153382e-11	1.14620979337433e-09
LINC02437	0.63307446715625	0.239449312366242	-1.40265491812831	0.0202267536272784	0.0337341005347838
AC021087.4	2.70803426134375	0.413827658471338	-2.71014401452892	0.0253999448693618	0.0410901224540072
AL355802.3	0.22146346421875	0.458695334273885	1.05046752198888	1.26983815422449e-05	5.22899684382677e-05
AL596442.2	0.089484051125	0.213694786627389	1.25584923520819	1.04039835884221e-06	5.91817299006522e-06
AL512274.1	15.8399696243437	5.75185146560191	-1.46147124325457	1.99020730986526e-05	7.6541620753623e-05
AL445222.1	0.185272030625	0.41168097410828	1.1518816728172	1.26446030361522e-05	5.2244499628187e-05
AC010735.2	0.19747374109375	0.874815698563694	2.14731828490208	6.64694652367791e-08	5.21103564003723e-07
AC020907.4	0.0708650584375	0.216817400767516	1.61333418976648	1.799429974277e-05	7.05919311456406e-05
MYHAS	2.60006866215625	0.253390089815287	-3.35911771586187	0.0277147033491595	0.0444817351653833
AC104031.1	0.2704943204375	1.13788115814968	2.07267968123611	1.79361432280322e-09	2.15057874194935e-08
HOTAIRM1	0.83041351421875	2.8116929838121	1.75953724378724	3.79680187580375e-10	5.66279109037559e-09
AL445250.1	0.06394928596875	0.289646851245223	2.17929482576399	0.000292719719205843	0.000811782804056113
AC112721.2	0.01854863671875	0.339109886576433	4.19236778486048	9.32921965141766e-14	4.36117695545274e-12
MUC12-AS1	0.38506867446875	1.15236905764968	1.58141515916434	4.24708017255087e-10	6.18354648932109e-09
PRKAG2-AS1	1.12048283771875	0.428420209321656	-1.38702211023209	7.47827171463286e-09	7.14525492734061e-08
AL122125.1	0.10476981603125	0.273062912869427	1.38201024275833	2.31546765989086e-05	8.6335882562394e-05
FLNB-AS1	0.11995802421875	0.260619385993631	1.1194147363204	3.1025327573706e-05	0.00011326559887356
LINC02163	0.00918149759375	0.342274163229299	5.22027909276129	4.68794360626508e-09	4.77779585871849e-08
MSC-AS1	0.37319374171875	1.38900092217516	1.89605085894632	1.34605768773043e-09	1.78937886097208e-08
AC126773.3	0.04342974515625	0.226811030041401	2.38473540939076	3.23342500426751e-06	1.64086256440629e-05
TMPO-AS1	0.30373956	0.997199686050955	1.71504760672147	3.70801852784979e-13	1.3742141392607e-11
AP002807.1	0.2060671783125	0.672210952949045	1.70579931443136	2.1452366023635e-08	1.88749954294285e-07
AC016394.1	0.33831422428125	0.90098893343949	1.41314555006154	3.42424944031273e-08	2.9082340732656e-07
LINC01546	0.095526014	0.25281440593949	1.40411310204584	9.87593531143309e-05	0.000312099971211438
AC132192.2	0.1817115400625	0.580616116328025	1.67593457324954	1.19829060048359e-07	9.04635434809525e-07
TTLL11-IT1	0.0310303926875	0.643957986563694	4.37521270706053	4.8009355958694e-15	3.26196901874904e-13
NRIR	0.0373003051875	0.300584304302548	3.01051033796421	1.39743478561733e-10	2.62932729663076e-09
LINC01311	0.1530751918125	0.429853387012739	1.48960418312939	3.55163682909221e-07	2.373580241519e-06
Z97653.1	0.7857881323125	0.176560698436306	-2.15397613733364	7.80125371901777e-10	1.07201497734368e-08
AC245884.8	0.11126288828125	0.230507516923567	1.05084133595296	7.45768282340083e-05	0.000242719648449998
HOXC-AS2	0.02005972640625	0.350937061468153	4.12883848037797	5.27552931481909e-19	4.72490605042737e-16
CASC15	0.1391753735	0.379721880044586	1.44803917630721	6.85633285190954e-07	4.09038784287091e-06
LINC01943	0.15607930203125	0.529420676245223	1.7621353081202	3.38739574532406e-12	9.20618888118072e-11
TBILA	0.15889432109375	0.579475332410828	1.86667968521702	4.2430654776336e-09	4.43527271721871e-08
SOCAR	0.0871511986875	0.247014925047771	1.5030058018574	1.37639457206079e-09	1.81003286196811e-08
NKILA	0.25693107121875	1.1971150008758	2.22010847739664	5.62326963225346e-11	1.14620979337433e-09
AL109614.1	0.1999674429375	0.411250549843949	1.04025247641951	0.000558767862902795	0.00145089829369452
Z82243.1	0.1899859346875	0.592320044547771	1.64048429399331	4.01128105682996e-09	4.26591020217656e-08
AC124276.1	0.0550267703125	0.223573607143312	2.02254432800113	1.72089408200164e-05	6.81117625335924e-05
AC008708.1	0.02766846928125	0.221557256538217	3.00136484314896	0.0184597263528435	0.0312690378525313
AC092718.3	3.98433594203125	9.27017769481847	1.21825769896384	5.12041813007264e-12	1.27801456593446e-10
LINC00707	0.47948479340625	2.34985976976752	2.29301769827915	3.40855228573649e-09	3.68907915527056e-08
SNHG28	2.6761966963125	0.818333428805732	-1.70942346359394	0.00291429375889406	0.00631947033178623
AC090246.1	0.1648384985625	0.41141916706051	1.31955577927913	0.000226531087572354	0.00065187651788468
AC027796.4	0.3445599323125	0.805756550917197	1.22558906737123	1.59919543077751e-06	8.69251560818175e-06
AL078590.2	0.11854921215625	0.248924979156051	1.07022493421393	0.00342720153264431	0.00727744336956575
AC116407.2	0.19977935253125	0.759288518066879	1.92624070561985	1.84797034772097e-10	3.22866819323250e-09
LINC00622	0.0791658885625	0.246567858347134	1.639033914873	6.39942927358379e-06	2.87739044176212e-05
LINC01426	0.10775265753125	0.63835385333121	2.56663291144132	1.76059574785751e-10	3.1586248375399e-09
LINC02084	0.18637259365625	0.406917045624204	1.12654499039049	0.000181958442945741	0.000538837721315327
AC027682.6	0.417709504	0.200182581245223	-1.06118352453445	0.00375779464049879	0.00786949117351031
LINC01010	0.14748613953125	0.406236386203822	1.46174008714315	1.42357111124565e-05	5.74596524440076e-05
AC004253.1	0.118076808875	0.308035923366242	1.3833729718511	0.000217003150126075	0.000628969084573931
LINP1	1.3488865519375	3.6026108084586	1.41727378967254	6.3649151802003e-05	0.000210956402855961
SCAT2	0.06407541490625	0.390767589633758	2.60846799424962	4.51219691507173e-11	9.85431576273701e-10
KCNMB2-AS1	0.2652343294375	1.6947942524172	2.67577071965975	1.69218547766332e-09	2.11177840732882e-08
LINC00944	0.0758712054375	0.557503340041401	2.87735608386971	1.22083342228367e-14	7.10990131168061e-13
MIR155HG	0.22368239284375	0.555579124964968	1.31254069413279	6.57010893304068e-06	2.94331253666987e-05
SUGT1-DT	0.15290768721875	0.426078087340764	1.47845691945115	3.76343871469257e-06	1.82646251907501e-05
LINC00115	0.14654983478125	0.356906495512739	1.28415481637678	1.01823474516155e-07	7.7831318333286e-07
AC010973.2	0.15716146278125	0.326549424038217	1.05505386278651	2.33609377976187e-07	1.63259582437072e-06
KIAA1671-AS1	4.349311681375	1.23610026617834	-1.81499132716437	3.25164258752217e-10	4.97094860567452e-09
LINC01527	1.804319749125	4.21744894686943	1.22491557875026	0.0210568150522797	0.0347536907003213
AC073842.2	0.10302784059375	0.220571583124204	1.09821269542521	0.000859184391637417	0.00210577657509531
EPB41L4A-DT	1.01483954059375	0.367468848334395	-1.46555777872464	1.87221353998509e-14	9.95529199739898e-13
AP001107.4	0.12124541509375	0.243115701792994	1.00371288112759	0.000199021070327055	0.000582303275143513
LINC00392	0.01376469503125	3.21679301487261	7.86850665215056	0.000703891159167241	0.00176044762302973
LINC01694	0.0594687558125	0.304640566257962	2.35690426789611	0.00882867571736052	0.0163846288351015
C5orf66-AS1	12.6153044684688	2.53344373914968	-2.31600332994015	1.89254903525777e-10	3.25998235228205e-09
C1RL-AS1	0.23029144778125	0.659172854748408	1.51719599696022	2.43890116019498e-10	4.030778539079e-09
LINC02167	0.00427322128125	0.247927639509554	5.8584512785498	0.000151216982155651	0.000461192940589429
KLHL7-DT	0.12316879053125	0.26052173806051	1.08076701568387	0.00142281582645485	0.00334635337645054
AC004943.2	0.317629565	0.852067890732484	1.42362318055519	5.66537896296113e-13	2.03787013873572e-11
AC083862.1	0.23128944334375	0.602799017187898	1.38197764565232	1.54060667805044e-10	2.81218204068013e-09
MIAT	0.1685761093125	0.766795106726115	2.18544103920196	2.86138607914403e-09	3.21052768329647e-08
AC006449.5	0.10092895721875	0.217844599700637	1.10995919667825	8.04064939224983e-05	0.000258102735084555
AL365181.3	0.17828374259375	1.9669092397707	3.46368333099653	1.61824509391353e-09	2.06157682276692e-08
TTTY14	0.5745819345	0.235054711547771	-1.2895160347515	0.010588436516978	0.0191846783115024
DNM3OS	0.2239567109375	0.457442379818471	1.03037013296251	0.000670238282550503	0.00169010601970983
AC129510.1	0.139366794125	0.348978221566879	1.32425014392862	9.98946459881682e-06	4.31700183899398e-05
AC008406.3	0.493704366	0.188367016684713	-1.39010103414766	4.95452263370999e-09	4.96670588608797e-08
PSORS1C3	0.11520808628125	0.434033107840764	1.91356311404851	3.27393179903834e-05	0.000117765252653644
SCAT1	0.05000153153125	1.52232342219427	4.92815880122329	8.30220287879372e-19	4.72490605042737e-16
AC079921.2	0.194518329875	0.470224281085987	1.27344292787803	1.33894854643549e-07	9.92444892297336e-07
AC007038.1	0.209567833875	0.504366683630573	1.26705568272067	3.21626628725471e-06	1.63895569554688e-05
AL031186.1	0.1608337013125	0.494829344423567	1.62136131523454	1.00582430989045e-06	5.75622770986608e-06
LINC00941	0.05818092053125	1.49372223820382	4.6822219669353	3.84885104360124e-18	9.41428965264863e-16
LINC01355	0.14182716875	0.379849514748408	1.42129405307822	4.82880422518816e-06	2.26269255456135e-05
MIR181A2HG	0.1870030370625	0.476054392557325	1.34806472029219	0.000121957515499108	0.000381468136714601
AC002401.4	0.39517093571875	2.43141146155733	2.62124530993508	1.37847729101914e-08	1.28692956253161e-07
AC034213.1	0.0559195793125	0.448007283251592	3.00209677400195	1.43647278131397e-05	5.7789678011414e-05
AL021392.1	0.189506196	0.430493038152866	1.18374488803122	5.88456744185054e-05	0.000198259668908628
AC007014.2	0.18301602409375	0.401258006735669	1.13256020998395	3.1277805673976e-05	0.000113847489104978
LINC02560	21.5791720539063	7.55188958000637	-1.51472993721038	6.02506669688113e-05	0.000201881001925633
AC055822.1	0.4385501815625	1.11964514283758	1.35222772192877	1.082453546481e-07	8.22261296488362e-07
LINC00524	0.028474896	0.220348807474522	2.95202661094284	0.00783986225374521	0.014796530148658
AC048341.2	0.231389540375	0.926382332713376	2.00128408855964	6.54792763077133e-09	6.35564721621693e-08
AC004241.3	0.38814606425	0.835689441140127	1.10636724876264	1.38080563453657e-07	1.0173043921917e-06
AC105118.1	0.12306402815625	0.591714973356688	2.26549328196501	3.46568339406319e-06	1.72297999631678e-05
AL513218.1	0.07126196240625	0.22720689522293	1.67280250013423	3.16844115262529e-06	1.62815274355493e-05
AC010331.1	0.104651051	0.266562917528662	1.34888929567851	3.85619827173155e-06	1.85674428595578e-05
AL356215.1	0.18947469509375	0.412703934063694	1.12310200570386	0.00150724215477131	0.00350448128381238
C10orf71-AS1	1.75290265734375	0.129225911535032	-3.76177859826813	0.000158660440272105	0.000480301283298971
AC114956.1	0.09316275025	1.18086798164968	3.66395064364514	6.99702943731356e-18	1.42622783363908e-15
GAPLINC	0.13057988565625	0.278182013047771	1.09109645650984	1.3996859010596e-05	5.66826442713871e-05
LINC02154	0.03269503384375	1.50665861227707	5.52613723259712	2.90365609436729e-13	1.14553916239071e-11
LINC02195	0.32171699221875	1.3263811608121	2.04363137849171	8.03748055761672e-08	6.22141691263623e-07
LINC00626	0.0293670153125	0.254402774585987	3.11484585378814	0.00505570323947783	0.0102031766697713
Z97200.1	0.11927967746875	0.258610005573248	1.11642983212813	0.0208523680081505	0.0345093992881841
AL133353.1	0.28384990925	0.755888796254777	1.41304572538567	3.61711672591214e-05	0.000129728262633154
MELTF-AS1	0.84222533659375	1.6921865476465	1.0066104390345	0.00211843364704815	0.00475384284466034
AL499627.1	1.4176145643125	0.242728787821656	-2.54604820257156	0.0102284018783039	0.0186428248840025
HCP5	8.9711638491875	24.8159096638599	1.46789827326505	2.68488481942639e-10	4.26443394046555e-09
LINC02100	0.0941071924375	0.797785935117834	3.08362479431131	8.62381788317836e-14	4.21877170845085e-12
AC021851.1	0.118029133125	0.279521105643312	1.2438142160594	1.16499933941421e-06	6.53575317478706e-06
AC026740.1	0.42416222378125	1.49703945647452	1.81942420189643	5.60265489316472e-08	4.47947256797395e-07
PSPC1-AS2	0.1475696500625	0.309007032576433	1.06624363248287	0.000279639334727608	0.00078081942094033
KC6	0.0342541078125	0.267037944200637	2.96269583915401	0.00237524097368547	0.0052530193685666
LINC01563	0.59882867346875	0.174051956949045	-1.78262526796733	0.0073736719362129	0.0140686439594202
AC012065.2	0.0869224129375	0.867214885283439	3.31858939107334	2.31023152278501e-13	9.41804384122022e-12
MANCR	0.106502620875	0.980414666251592	3.20250313245764	4.20713445746774e-12	1.07194280030897e-10
SLC16A1-AS1	0.1756392735625	0.443397395127389	1.33598482202368	7.13806731770918e-13	2.49424466558809e-11
ASMTL-AS1	0.541370039625	1.14398434608917	1.07938035729943	0.00236804033567638	0.00524658212052937
MRPS9-AS1	0.08758977459375	0.214200115649682	1.29012489736794	0.000175802162321763	0.000524404986632966
AC027763.2	0.13850081865625	0.398569201350318	1.52493572922749	6.32983851014031e-05	0.000210363926573413
AC091185.1	0.0845152775625	0.22062421077707	1.3843070559914	3.2112481056126e-05	0.000116193977312551
AL021807.1	0.331208350375	1.3970696486465	2.07659299434855	3.56553430159314e-09	3.82513022004246e-08
AL031716.1	0.1300286226875	0.32348092844586	1.31485142437916	7.0890189136256e-07	4.20867482105054e-06
